0 0.811354 0.4972 0.81262 0.491041 0.804388 0.484882 0.808821 0.477044 0.821485 0.470885 0.825918 0.466965 0.835733 0.472004 0.840799 0.470325 0.85473 0.471445 0.864862 0.482643 0.874043 0.491601 0.878793 0.487122 0.883859 0.487122 0.886708 0.49776 0.883225 0.517917 0.882592 0.532475 0.87626 0.539754 0.877843 0.553191 0.872777 0.56271 0.867711 0.56215 0.863912 0.549832 0.862645 0.541993 0.857263 0.539754 0.850297 0.540873 0.842382 0.540873 0.83605 0.539754 0.83225 0.533035 0.819269 0.530795 0.804388 0.524636 0.794256 0.526876 0.792357 0.516237 0.799955 0.506719 0.80977 0.511758 0.809137 0.507279 0.803755 0.5
1 0.856946 0.559351 0.855047 0.569989 0.857896 0.580067 0.860112 0.589026 0.85568 0.595745 0.864228 0.612542 0.872144 0.6271 0.874993 0.644457 0.870561 0.662374 0.867395 0.675252 0.867395 0.701568 0.900006 0.696529 0.903489 0.684211 0.902539 0.660134 0.898423 0.620941 0.893357 0.592385 0.883542 0.582307 0.882592 0.575028 0.883859 0.56551 0.878793 0.555431 0.87531 0.558791 0.871194 0.56383 0.865495 0.56271 0.862645 0.558231
1 0.771143 0.477044 0.779375 0.483763 0.798689 0.50224 0.800272 0.509518 0.794256 0.511758 0.780958 0.50112 0.786024 0.509518 0.793623 0.525196 0.799639 0.541433 0.803122 0.535834 0.812303 0.536954 0.825918 0.555431 0.83225 0.554871 0.837949 0.558231 0.834783 0.571109 0.829401 0.574468 0.818636 0.570549 0.816736 0.575588 0.826551 0.583987 0.827184 0.594625 0.823068 0.601344 0.826868 0.619261 0.832883 0.632699 0.824018 0.640538 0.813886 0.634378 0.811037 0.633259 0.805654 0.652856 0.798056 0.651176 0.795839 0.644457 0.799005 0.6271 0.799322 0.619821 0.792673 0.613662 0.787924 0.600224 0.777476 0.581747 0.767027 0.56383 0.754363 0.549832 0.744231 0.540314 0.739482 0.535274 0.735049 0.521277 0.737265 0.505039 0.735999 0.495521 0.733466 0.473684 0.737265 0.464726 0.742015 0.470885 0.752463 0.468645 0.766711 0.472004
1 0.523866 0.722844 0.525766 0.711086 0.533365 0.702688 0.544446 0.692049 0.547612 0.679731 0.538114 0.680291 0.529882 0.69037 0.516267 0.695969 0.511518 0.712766 0.497587 0.722844 0.491255 0.732363 0.489672 0.736842 0.483023 0.74748 0.489355 0.765957 0.49917 0.792833 0.510885 0.797872 0.532731 0.800112 0.547929 0.797312 0.553945 0.805711 0.574525 0.804031 0.590672 0.807391 0.609669 0.809071 0.614735 0.802352 0.611252 0.789474 0.60302 0.781635 0.595738 0.764838 0.584973 0.7514 0.578957 0.741321 0.566926 0.732363 0.571992 0.744121 0.551728 0.737402 0.547296 0.730683 0.539697 0.727324 0.529249 0.725084
1 0.658111 0.81299 0.659378 0.81131 0.657162 0.807391 0.662861 0.816349 0.662544 0.808511 0.652412 0.802352 0.642597 0.799552 0.629933 0.801232 0.630882 0.81131 0.620751 0.807951 0.609669 0.791153 0.600487 0.775476 0.614102 0.782755 0.628349 0.786114 0.645447 0.794513 0.659378 0.799552 0.662544 0.81075
1 0.682174 0.802912 0.675842 0.823628 0.666343 0.820269 0.663494 0.809071 0.670459 0.800672 0.657795 0.800112 0.651779 0.796753 0.637848 0.788354 0.617585 0.785554 0.603653 0.779395 0.597954 0.770437 0.585606 0.755879 0.576424 0.739082 0.573575 0.727884 0.573258 0.709966 0.575791 0.719485 0.58434 0.708847 0.600804 0.705487 0.619801 0.711646 0.631516 0.715566 0.643864 0.721725 0.657795 0.730123 0.66381 0.732363 0.671093 0.744121 0.674575 0.75252 0.683441 0.765398 0.691673 0.766517 0.694522 0.777156 0.700538 0.788354 0.700538 0.803471 0.691039 0.805151
1 0.645763 0.575028 0.64608 0.581187 0.639748 0.589586 0.634049 0.610302 0.632149 0.619261 0.638165 0.640538 0.639748 0.648936 0.650196 0.654535 0.64798 0.669093 0.650196 0.682531 0.652096 0.700448 0.654945 0.720605 0.662544 0.731803 0.668876 0.743001 0.676792 0.757559 0.685974 0.766517 0.695155 0.767637 0.704021 0.770437 0.704337 0.755319 0.698322 0.736842 0.692939 0.715006 0.690723 0.68925 0.685974 0.68925 0.685657 0.68981 0.676792 0.666293 0.670776 0.631579 0.671726 0.617581 0.668876 0.599664 0.662861 0.587346 0.650196 0.576148 0.645447 0.568309
1 0.600804 0.521837 0.600171 0.529115 0.591939 0.527996 0.58339 0.530795 0.578957 0.543113 0.575158 0.56495 0.578324 0.594625 0.58339 0.605263 0.588772 0.628779 0.600804 0.652296 0.609036 0.660134 0.6236 0.68757 0.618218 0.68477 0.614418 0.704367 0.619484 0.713886 0.6274 0.713886 0.634998 0.715006 0.647346 0.726204 0.660328 0.731803 0.654945 0.715006 0.649563 0.68645 0.64798 0.666293 0.649879 0.654535 0.638165 0.648376 0.633415 0.62206 0.633732 0.608063 0.632465 0.606383 0.6274 0.605263 0.6255 0.596305 0.630249 0.596305 0.629616 0.587346 0.622334 0.577268 0.618851 0.571669 0.619168 0.56327 0.618534 0.549832 0.615052 0.537514 0.620751 0.539754 0.629616 0.538634 0.633415 0.533035 0.62265 0.526876 0.613785 0.520157 0.603653 0.512318 0.601437 0.512878
1 0.576424 0.630459 0.566926 0.632699 0.566609 0.647816 0.568192 0.662934 0.574525 0.68645 0.592255 0.707727 0.600171 0.704927 0.616318 0.711646 0.616001 0.704927 0.614102 0.690929 0.617901 0.68477 0.622017 0.683091 0.610936 0.662934 0.601437 0.653975 0.596055 0.645577 0.589406 0.6271
1 0.676792 0.589026 0.683757 0.590705 0.691673 0.600784 0.695472 0.610302 0.697688 0.634938 0.69009 0.637178 0.681224 0.646137 0.69009 0.657335 0.703704 0.662374 0.709087 0.679171 0.715419 0.695409 0.715102 0.723964 0.713519 0.735162 0.722701 0.7486 0.717635 0.759798 0.717002 0.763158 0.713836 0.772676 0.711619 0.794513 0.706554 0.797312 0.702121 0.792833 0.694522 0.777156 0.692306 0.766517 0.700538 0.770997 0.704654 0.768757 0.702754 0.755879 0.698005 0.732923 0.693889 0.712206 0.690723 0.692049 0.68724 0.68925 0.681224 0.679731 0.675525 0.658455 0.670143 0.62766 0.670776 0.612542 0.669193 0.601904 0.669826 0.591265 0.670459 0.575028
1 0.726817 0.543113 0.724601 0.56327 0.722068 0.594065 0.728717 0.62654 0.733149 0.646137 0.735682 0.662934 0.725234 0.657335 0.722701 0.671892 0.720168 0.68533 0.714786 0.68701 0.70877 0.677492 0.705287 0.663494 0.692623 0.659015 0.68534 0.652296 0.68439 0.643897 0.692939 0.636058 0.698638 0.634378 0.694839 0.606943 0.694839 0.601344 0.693889 0.582307 0.693572 0.555991 0.686607 0.56271 0.685974 0.554311 0.690723 0.536394 0.693572 0.530795 0.693572 0.520157 0.691039 0.505599 0.693256 0.486002 0.701488 0.469205 0.714786 0.464166 0.722384 0.467525 0.72935 0.478723 0.735682 0.493281 0.737265 0.512878 0.732833 0.529675
1 0.814836 0.714446 0.818002 0.704927 0.81357 0.68533 0.797106 0.677492 0.782541 0.680851 0.767977 0.681971 0.757529 0.676932 0.743914 0.668533 0.72745 0.660134 0.734732 0.673012 0.741065 0.682531 0.727134 0.675812 0.723018 0.674692 0.721751 0.68589 0.743598 0.720605
1 0.729667 0.586786 0.741698 0.600784 0.74898 0.611422 0.762595 0.633259 0.769244 0.639978 0.778109 0.630459 0.786974 0.636618 0.788241 0.647256 0.802805 0.666293 0.794573 0.675252 0.784441 0.680291 0.775259 0.681971 0.762911 0.682531 0.757845 0.675252 0.736632 0.665733 0.734099 0.650616 0.724284 0.603583 0.722701 0.584546
1 0.735999 0.540314 0.730616 0.555991 0.734099 0.567749 0.729033 0.56439 0.726817 0.578387 0.72935 0.589026 0.741698 0.599664 0.75278 0.619261 0.764494 0.636618 0.770193 0.637178 0.778109 0.631019 0.786341 0.637178 0.792357 0.655655 0.803122 0.666293 0.796156 0.678611 0.811037 0.683091 0.819902 0.697088 0.830034 0.701568 0.83035 0.68925 0.828451 0.664054 0.825601 0.643337 0.818636 0.636618 0.811037 0.634938 0.806921 0.653415 0.798372 0.650616 0.795839 0.644457 0.798689 0.62542 0.792673 0.613102 0.787291 0.599104 0.777792 0.584546 0.767344 0.56495 0.755946 0.550952 0.744548 0.541433
1 0.863912 0.666293 0.852197 0.647816 0.845231 0.62766 0.8351 0.583987 0.833833 0.573348 0.837633 0.558791 0.83415 0.553191 0.825601 0.534714 0.817686 0.527436 0.800589 0.526316 0.797739 0.536954 0.805971 0.535834 0.816419 0.541433 0.821485 0.551512 0.831934 0.554311 0.837316 0.558791 0.834783 0.573908 0.819269 0.569989 0.820535 0.577828 0.827184 0.591265 0.824335 0.605263 0.827818 0.6243 0.833517 0.636058 0.826234 0.646697 0.828134 0.655655 0.828767 0.676372 0.830984 0.696529 0.828451 0.705487 0.840166 0.695969 0.848398 0.679731 0.857896 0.676932
1 0.853147 0.550952 0.848081 0.544793 0.835416 0.543113 0.8313 0.550392 0.835733 0.56327 0.835733 0.584546 0.842382 0.617581 0.850614 0.643337 0.860746 0.665174 0.867711 0.674692 0.873094 0.658455 0.872144 0.630459 0.861379 0.605823 0.856946 0.594065 0.858213 0.587346 0.85663 0.576148 0.85663 0.56551
